# threads    runtime            parallel speedup (seq. exec time)/(parallel exec time)
        1    5.433416843414307  1.0
        2    2.802039861679077  1.9391
        3    1.941049098968506  2.7992
        4    1.570828914642334  3.4589
        5    1.307201147079468  4.1565
        6    1.134597063064575  4.7889
        7    1.065579891204834  5.0990
        8    0.9485619068145752 5.7281
        9    0.9086349010467529 5.9798
       10    0.8500561714172363 6.3918
       11    0.8732411861419678 6.2221
       12    0.798198938369751  6.8071
       13    1.277791023254395  4.2522
       14    0.8483009338378906 6.4051
       15    1.221508979797363  4.4481
       16    1.261154890060425  4.3083
parallel speedup calculated using 5.433416843414307 as the sequential execution time.
